2000  1.0000 4.0000 5.5000 11.0 15.0
4000  1.0000 4.0000 5.5000 11.0 15.0
6000  1.0000 4.1598 5.5116 11.0 15.0
8000  1.0001 4.3006 5.9390 11.0 15.0
10000 1.0025 4.4392 6.4749 11.0 15.0
12000 1.0198 4.5661 6.9590 11.0 15.0
14000 1.0895 4.6817 7.4145 11.0 15.0
16000 1.2827 4.7923 7.8370 11.0 15.0
18000 1.6973 4.9099 8.2289 11.0 15.0
20000 2.4616 5.0511 8.5970 11.0 15.0
22000 3.6552 5.2354 8.9509 11.0 15.0
24000 5.3749 5.4841 9.3018 11.0 15.0
26000 7.6838 5.8181 9.6621 11.0 15.0
12.13
20.98
31.0
45.0
